   1.6342857e+01   2.1100000e+02
   1.6342857e+01   1.3500000e+02
   1.6342857e+01   1.3500000e+02
   1.6342857e+01   2.1100000e+02
   1.6342857e+01   2.1100000e+02
   1.6485714e+01   2.1100000e+02
   1.6057143e+01   2.1100000e+02
   1.6485714e+01   2.1100000e+02
   1.6628571e+01   2.1100000e+02
   1.6628571e+01   2.1100000e+02
   1.6771429e+01   2.1100000e+02
   1.6771429e+01   1.3500000e+02
   1.6771429e+01   1.3500000e+02
   1.6628571e+01   1.3500000e+02
   1.6628571e+01   1.3500000e+02
   1.6628571e+01   1.3500000e+02
   1.6485714e+01   1.3500000e+02
   1.6485714e+01   1.3500000e+02
   1.6485714e+01   1.3500000e+02
   1.6485714e+01   2.1100000e+02
   1.6628571e+01   2.1100000e+02
   1.6628571e+01   1.3500000e+02
   1.6200000e+01   1.3500000e+02
   1.6485714e+01   1.3500000e+02
   1.6485714e+01   1.3500000e+02
   1.6485714e+01   1.3500000e+02
   1.6485714e+01   1.3500000e+02
   1.6485714e+01   2.1100000e+02
   1.6485714e+01   2.1100000e+02
   1.6485714e+01   1.3500000e+02
   1.6485714e+01   1.3500000e+02
   1.6485714e+01   1.3500000e+02
   1.6485714e+01   1.3500000e+02
   1.6485714e+01   1.3500000e+02
   1.6342857e+01   1.3500000e+02
   1.6342857e+01   1.3500000e+02
   1.6342857e+01   1.3500000e+02
   1.6342857e+01   2.1100000e+02
   1.6342857e+01   2.1100000e+02
   1.6485714e+01   1.3500000e+02
   1.6485714e+01   1.3500000e+02
   1.6342857e+01   2.1100000e+02
   1.6485714e+01   2.1100000e+02
   1.6485714e+01   2.1100000e+02
   1.6200000e+01   2.1100000e+02
   1.6628571e+01   2.1100000e+02
   1.6628571e+01   2.1100000e+02
   1.6771429e+01   2.1100000e+02
   1.6771429e+01   2.1100000e+02
   1.6771429e+01   2.1100000e+02
   1.6914286e+01   2.1100000e+02
   1.6485714e+01   1.3500000e+02
   1.6914286e+01   1.3500000e+02
   1.6771429e+01   2.1100000e+02
   1.6914286e+01   2.1100000e+02
   1.6914286e+01   2.1100000e+02
   1.6914286e+01   2.1100000e+02
   1.6485714e+01   2.1100000e+02
   1.6914286e+01   2.1100000e+02
   1.7057143e+01   2.1100000e+02
   1.7057143e+01   2.1100000e+02
   1.7057143e+01   2.1100000e+02
   1.7057143e+01   2.1100000e+02
   1.7200000e+01   2.1100000e+02
   1.7200000e+01   2.1100000e+02
   1.7200000e+01   1.3500000e+02
   1.7057143e+01   1.3500000e+02
   1.7057143e+01   2.1100000e+02
   1.7057143e+01   2.1100000e+02
   1.7200000e+01   1.3500000e+02
   1.6628571e+01   1.3500000e+02
   1.7057143e+01   1.3500000e+02
   1.7057143e+01   1.3500000e+02
   1.6914286e+01   2.1100000e+02
   1.6914286e+01   2.1100000e+02
   1.7057143e+01   1.3500000e+02
   1.6914286e+01   1.3500000e+02
   1.6914286e+01   1.3500000e+02
   1.6914286e+01   1.3500000e+02
   1.6771429e+01   1.3500000e+02
   1.6771429e+01   1.3500000e+02
   1.6771429e+01   1.3500000e+02
   1.6771429e+01   1.3500000e+02
   1.6771429e+01   1.3500000e+02
   1.6628571e+01   1.3500000e+02
   1.6628571e+01   2.1100000e+02
   1.6200000e+01   2.1100000e+02
   1.6771429e+01   2.1100000e+02
   1.6771429e+01   2.1100000e+02
   1.6771429e+01   1.3500000e+02
   1.6771429e+01   1.3500000e+02
   1.6771429e+01   1.3500000e+02
   1.6628571e+01   1.3500000e+02
   1.6628571e+01   2.1100000e+02
   1.6771429e+01   2.1100000e+02
   1.6771429e+01   1.3500000e+02
   1.6771429e+01   1.3500000e+02
   1.6628571e+01   1.3500000e+02
   1.6628571e+01   1.3500000e+02
   1.6628571e+01   1.3500000e+02
   1.6200000e+01   1.3500000e+02
   1.6485714e+01   2.1100000e+02
   1.6628571e+01   2.1100000e+02
   1.6628571e+01   2.1100000e+02
   1.6771429e+01   2.1100000e+02
   1.6771429e+01   2.1100000e+02
   1.6771429e+01   2.1100000e+02
   1.6771429e+01   1.3500000e+02
   1.6771429e+01   1.3500000e+02
   1.6771429e+01   2.1100000e+02
   1.6771429e+01   2.1100000e+02
   1.6914286e+01   1.3500000e+02
   1.6771429e+01   1.3500000e+02
   1.6771429e+01   1.3500000e+02
   1.6771429e+01   1.3500000e+02
   1.6771429e+01   1.3500000e+02
   1.6628571e+01   1.3500000e+02
   1.6628571e+01   2.1100000e+02
   1.6628571e+01   2.1100000e+02
   1.6342857e+01   1.3500000e+02
   1.6628571e+01   1.3500000e+02
   1.6628571e+01   2.1100000e+02
   1.6628571e+01   2.1100000e+02
   1.6771429e+01   2.1100000e+02
   1.6771429e+01   2.1100000e+02
   1.6914286e+01   1.3500000e+02
   1.6771429e+01   1.3500000e+02
   1.6771429e+01   1.3500000e+02
   1.6771429e+01   1.3500000e+02
   1.6628571e+01   2.1100000e+02
   1.6771429e+01   2.1100000e+02
   1.6771429e+01   2.1100000e+02
   1.6914286e+01   2.1100000e+02
   1.6914286e+01   1.3500000e+02
   1.6914286e+01   1.3500000e+02
   1.6771429e+01   2.1100000e+02
   1.6771429e+01   2.1100000e+02
   1.6914286e+01   1.3500000e+02
   1.6914286e+01   1.3500000e+02
   1.6771429e+01   2.1100000e+02
   1.6771429e+01   2.1100000e+02
   1.6914286e+01   1.3500000e+02
   1.6914286e+01   1.3500000e+02
   1.6771429e+01   2.1100000e+02
   1.6914286e+01   2.1100000e+02
   1.6914286e+01   1.3500000e+02
   1.6914286e+01   1.3500000e+02
   1.6771429e+01   2.1100000e+02
   1.6914286e+01   2.1100000e+02
   1.6914286e+01   2.1100000e+02
   1.6914286e+01   2.1100000e+02
   1.6914286e+01   1.3500000e+02
   1.6914286e+01   1.3500000e+02
   1.6914286e+01   2.1100000e+02
   1.6914286e+01   2.1100000e+02
   1.6914286e+01   2.1100000e+02
   1.6914286e+01   2.1100000e+02
   1.7057143e+01   1.3500000e+02
   1.6914286e+01   1.3500000e+02
   1.6914286e+01   2.1100000e+02
   1.6914286e+01   2.1100000e+02
   1.7057143e+01   2.1100000e+02
   1.7057143e+01   2.1100000e+02
   1.7057143e+01   2.1100000e+02
   1.7057143e+01   2.1100000e+02
   1.7057143e+01   1.3500000e+02
   1.7057143e+01   1.3500000e+02
   1.7057143e+01   2.1100000e+02
   1.7057143e+01   2.1100000e+02
   1.6628571e+01   1.3500000e+02
   1.7057143e+01   1.3500000e+02
   1.7057143e+01   2.1100000e+02
   1.7057143e+01   2.1100000e+02
   1.7057143e+01   2.1100000e+02
   1.7057143e+01   2.1100000e+02
   1.7057143e+01   2.1100000e+02
   1.7200000e+01   2.1100000e+02
   1.7200000e+01   2.1100000e+02
   1.7200000e+01   2.1100000e+02
   1.7200000e+01   1.3500000e+02
   1.7200000e+01   1.3500000e+02
   1.7057143e+01   2.1100000e+02
   1.7200000e+01   2.1100000e+02
   1.7200000e+01   2.1100000e+02
   1.7200000e+01   2.1100000e+02
   1.7200000e+01   1.3500000e+02
   1.7200000e+01   1.3500000e+02
   1.7200000e+01   1.3500000e+02
   1.7057143e+01   1.3500000e+02
   1.7057143e+01   2.1100000e+02
   1.7057143e+01   2.1100000e+02
   1.7057143e+01   1.3500000e+02
   1.7057143e+01   1.3500000e+02
   1.6914286e+01   2.1100000e+02
   1.7057143e+01   2.1100000e+02
   1.7057143e+01   2.1100000e+02
   1.7057143e+01   2.1100000e+02
   1.7057143e+01   2.1100000e+02
   1.7200000e+01   2.1100000e+02
   1.7200000e+01   1.3500000e+02
   1.7057143e+01   1.3500000e+02
   1.7057143e+01   1.3500000e+02
   1.7057143e+01   1.3500000e+02
   1.6914286e+01   1.3500000e+02
   1.6914286e+01   1.3500000e+02
   1.6914286e+01   1.3500000e+02
   1.6914286e+01   1.3500000e+02
   1.6771429e+01   1.3500000e+02
   1.6771429e+01   1.3500000e+02
   1.6771429e+01   2.1100000e+02
   1.6771429e+01   2.1100000e+02
   1.6771429e+01   1.3500000e+02
   1.6771429e+01   1.3500000e+02
   1.6771429e+01   2.1100000e+02
   1.6771429e+01   2.1100000e+02
   1.6342857e+01   1.3500000e+02
   1.6771429e+01   1.3500000e+02
   1.6771429e+01   1.3500000e+02
   1.6771429e+01   1.3500000e+02
   1.6628571e+01   2.1100000e+02
   1.6771429e+01   2.1100000e+02
   1.6342857e+01   1.3500000e+02
   1.6771429e+01   1.3500000e+02
   1.6628571e+01   2.1100000e+02
   1.6771429e+01   2.1100000e+02
   1.6771429e+01   2.1100000e+02
   1.6914286e+01   2.1100000e+02
   1.6485714e+01   1.3500000e+02
   1.6914286e+01   1.3500000e+02
   1.6771429e+01   2.1100000e+02
   1.6914286e+01   2.1100000e+02
   1.6914286e+01   1.3500000e+02
   1.6914286e+01   1.3500000e+02
   1.6771429e+01   2.1100000e+02
   1.6914286e+01   2.1100000e+02
   1.6485714e+01   2.1100000e+02
   1.6914286e+01   2.1100000e+02
   1.6914286e+01   1.3500000e+02
   1.6914286e+01   1.3500000e+02
   1.6914286e+01   1.3500000e+02
   1.6914286e+01   1.3500000e+02
   1.6771429e+01   1.3500000e+02
   1.6771429e+01   1.3500000e+02
   1.6342857e+01   1.3500000e+02
   1.6771429e+01   1.3500000e+02
   1.6628571e+01   1.3500000e+02
   1.6200000e+01   1.3500000e+02
   1.6628571e+01   1.3500000e+02
   1.6485714e+01   1.3500000e+02
   1.6485714e+01   2.1100000e+02
   1.6628571e+01   2.1100000e+02
   1.6628571e+01   2.1100000e+02
   1.6771429e+01   2.1100000e+02
   1.6771429e+01   2.1100000e+02
   1.6342857e+01   2.1100000e+02
   1.6771429e+01   2.1100000e+02
   1.6914286e+01   2.1100000e+02
   1.6914286e+01   2.1100000e+02
   1.6914286e+01   2.1100000e+02
   1.6914286e+01   2.1100000e+02
   1.7057143e+01   2.1100000e+02
   1.7057143e+01   2.1100000e+02
   1.7057143e+01   2.1100000e+02
   1.6628571e+01   1.3500000e+02
   1.7057143e+01   1.3500000e+02
   1.7057143e+01   1.3500000e+02
   1.6914286e+01   1.3500000e+02
   1.6914286e+01   2.1100000e+02
   1.6485714e+01   2.1100000e+02
   1.6914286e+01   1.3500000e+02
   1.6914286e+01   1.3500000e+02
   1.6485714e+01   1.3500000e+02
   1.6914286e+01   1.3500000e+02
   1.6771429e+01   2.1100000e+02
   1.6485714e+01   2.1100000e+02
   1.6485714e+01   1.3500000e+02
   1.6914286e+01   1.3500000e+02
   1.6771429e+01   2.1100000e+02
   1.6914286e+01   2.1100000e+02
   1.6914286e+01   1.3500000e+02
   1.6914286e+01   1.3500000e+02
   1.6771429e+01   2.1100000e+02
   1.6485714e+01   2.1100000e+02
   1.6914286e+01   2.1100000e+02
   1.6914286e+01   2.1100000e+02
   1.6914286e+01   2.1100000e+02
   1.7057143e+01   2.1100000e+02
   1.7057143e+01   1.3500000e+02
   1.6914286e+01   1.3500000e+02
   1.6914286e+01   2.1100000e+02
   1.6914286e+01   2.1100000e+02
   1.7057143e+01   2.1100000e+02
   1.7057143e+01   2.1100000e+02
   1.7057143e+01   1.3500000e+02
   1.7057143e+01   1.3500000e+02
   1.6914286e+01   2.1100000e+02
   1.7057143e+01   2.1100000e+02
   1.7057143e+01   1.3500000e+02
   1.7057143e+01   1.3500000e+02
   1.6914286e+01   1.3500000e+02
   1.6914286e+01   1.3500000e+02
   1.6914286e+01   1.3500000e+02
   1.6771429e+01   1.3500000e+02
   1.6771429e+01   1.3500000e+02
   1.6771429e+01   1.3500000e+02
   1.6771429e+01   2.1100000e+02
   1.6771429e+01   2.1100000e+02
   1.6771429e+01   2.1100000e+02
   1.6914286e+01   2.1100000e+02
   1.6914286e+01   1.3500000e+02
   1.6771429e+01   1.3500000e+02
   1.6771429e+01   2.1100000e+02
   1.6914286e+01   2.1100000e+02
   1.6914286e+01   1.3500000e+02
   1.6914286e+01   1.3500000e+02
   1.6771429e+01   1.3500000e+02
   1.6771429e+01   1.3500000e+02
   1.6771429e+01   2.1100000e+02
   1.6771429e+01   2.1100000e+02
   1.6771429e+01   2.1100000e+02
   1.6914286e+01   2.1100000e+02
   1.6914286e+01   2.1100000e+02
   1.6914286e+01   2.1100000e+02
   1.6914286e+01   1.3500000e+02
   1.6914286e+01   1.3500000e+02
   1.6914286e+01   2.1100000e+02
   1.6914286e+01   2.1100000e+02
   1.6914286e+01   2.1100000e+02
   1.7057143e+01   2.1100000e+02
   1.7057143e+01   2.1100000e+02
   1.7057143e+01   2.1100000e+02
   1.7057143e+01   1.3500000e+02
   1.7057143e+01   1.3500000e+02
   1.7057143e+01   1.3500000e+02
   1.6914286e+01   1.3500000e+02
   1.6914286e+01   2.1100000e+02
   1.6914286e+01   2.1100000e+02
   1.7057143e+01   2.1100000e+02
   1.7057143e+01   2.1100000e+02
   1.7057143e+01   1.3500000e+02
   1.7057143e+01   1.3500000e+02
   1.6914286e+01   1.3500000e+02
   1.6914286e+01   1.3500000e+02
   1.6914286e+01   2.1100000e+02
   1.6914286e+01   2.1100000e+02
   1.6914286e+01   2.1100000e+02
   1.7057143e+01   2.1100000e+02
   1.7057143e+01   2.1100000e+02
   1.7057143e+01   2.1100000e+02
   1.7057143e+01   1.3500000e+02
   1.7057143e+01   1.3500000e+02
   1.7057143e+01   1.3500000e+02
   1.6914286e+01   1.3500000e+02
   1.6914286e+01   1.3500000e+02
   1.6914286e+01   1.3500000e+02
   1.6771429e+01   2.1100000e+02
   1.6914286e+01   2.1100000e+02
   1.6914286e+01   2.1100000e+02
   1.6914286e+01   2.1100000e+02
   1.6914286e+01   2.1100000e+02
   1.7057143e+01   2.1100000e+02
   1.7057143e+01   2.1100000e+02
   1.6628571e+01   2.1100000e+02
   1.7057143e+01   1.3500000e+02
   1.7057143e+01   1.3500000e+02
   1.7057143e+01   1.3500000e+02
   1.6914286e+01   1.3500000e+02
   1.6914286e+01   2.1100000e+02
   1.6914286e+01   2.1100000e+02
   1.7057143e+01   2.1100000e+02
   1.7057143e+01   2.1100000e+02
   1.7057143e+01   2.1100000e+02
   1.7200000e+01   2.1100000e+02
   1.7057143e+01   2.1100000e+02
   1.7200000e+01   2.1100000e+02
   1.6771429e+01   2.1100000e+02
   1.7200000e+01   2.1100000e+02
   1.7200000e+01   1.3500000e+02
   1.7200000e+01   1.3500000e+02
   1.7057143e+01   1.3500000e+02
   1.7057143e+01   1.3500000e+02
   1.7057143e+01   1.3500000e+02
   1.6485714e+01   1.3500000e+02
   1.6914286e+01   2.1100000e+02
   1.6914286e+01   2.1100000e+02
   1.7057143e+01   1.3500000e+02
   1.6914286e+01   1.3500000e+02
   1.6914286e+01   1.3500000e+02
   1.6914286e+01   1.3500000e+02
   1.6771429e+01   2.1100000e+02
   1.6914286e+01   2.1100000e+02
   1.6914286e+01   2.1100000e+02
   1.6914286e+01   2.1100000e+02
   1.6485714e+01   2.1100000e+02
   1.7057143e+01   2.1100000e+02
   1.7057143e+01   2.1100000e+02
   1.7057143e+01   2.1100000e+02
   1.7057143e+01   1.3500000e+02
   1.7057143e+01   1.3500000e+02
   1.7057143e+01   2.1100000e+02
   1.7057143e+01   2.1100000e+02
   1.7057143e+01   1.3500000e+02
   1.7057143e+01   1.3500000e+02
   1.7057143e+01   2.1100000e+02
   1.7057143e+01   2.1100000e+02
   1.7057143e+01   1.3500000e+02
   1.7057143e+01   1.3500000e+02
   1.6914286e+01   1.3500000e+02
   1.6914286e+01   1.3500000e+02
   1.6914286e+01   2.1100000e+02
   1.6914286e+01   2.1100000e+02
   1.6914286e+01   2.1100000e+02
   1.6914286e+01   2.1100000e+02
   1.7057143e+01   1.3500000e+02
   1.7057143e+01   1.3500000e+02
   1.6914286e+01   2.1100000e+02
   1.6914286e+01   2.1100000e+02
   1.7057143e+01   2.1100000e+02
   1.7057143e+01   2.1100000e+02
   1.7057143e+01   1.3500000e+02
   1.7057143e+01   1.3500000e+02
   1.6914286e+01   1.3500000e+02
   1.6914286e+01   1.3500000e+02
   1.6914286e+01   1.3500000e+02
   1.6914286e+01   1.3500000e+02
   1.6914286e+01   2.1100000e+02
   1.6914286e+01   2.1100000e+02
   1.6914286e+01   2.1100000e+02
   1.6914286e+01   2.1100000e+02
   1.7057143e+01   1.3500000e+02
   1.6914286e+01   1.3500000e+02
   1.6914286e+01   1.3500000e+02
   1.6914286e+01   1.3500000e+02
   1.6771429e+01   1.3500000e+02
   1.6771429e+01   1.3500000e+02
   1.6771429e+01   2.1100000e+02
   1.6771429e+01   2.1100000e+02
   1.6342857e+01   1.3500000e+02
   1.6771429e+01   1.3500000e+02
   1.6771429e+01   2.1100000e+02
   1.6771429e+01   2.1100000e+02
   1.6914286e+01   1.3500000e+02
   1.6771429e+01   1.3500000e+02
   1.6771429e+01   2.1100000e+02
   1.6771429e+01   2.1100000e+02
   1.6914286e+01   1.3500000e+02
   1.6771429e+01   1.3500000e+02
   1.6771429e+01   1.3500000e+02
   1.6771429e+01   1.3500000e+02
   1.6771429e+01   1.3500000e+02
   1.6628571e+01   1.3500000e+02
   1.6628571e+01   1.3500000e+02
   1.6628571e+01   1.3500000e+02
   1.6628571e+01   1.3500000e+02
   1.6485714e+01   1.3500000e+02
   1.6485714e+01   1.3500000e+02
   1.6485714e+01   1.3500000e+02
   1.6485714e+01   1.3500000e+02
   1.6485714e+01   1.3500000e+02
   1.6485714e+01   1.3500000e+02
   1.6342857e+01   1.3500000e+02
   1.6342857e+01   2.1100000e+02
   1.6485714e+01   2.1100000e+02
   1.6485714e+01   1.3500000e+02
   1.6485714e+01   1.3500000e+02
   1.6485714e+01   1.3500000e+02
   1.6485714e+01   1.3500000e+02
   1.6342857e+01   2.1100000e+02
   1.6485714e+01   2.1100000e+02
   1.6485714e+01   1.3500000e+02
   1.6485714e+01   1.3500000e+02
   1.6485714e+01   1.3500000e+02
   1.6485714e+01   1.3500000e+02
   1.6342857e+01   2.1100000e+02
   1.6485714e+01   2.1100000e+02
   1.6485714e+01   2.1100000e+02
   1.6628571e+01   2.1100000e+02
   1.6628571e+01   1.3500000e+02
   1.6628571e+01   1.3500000e+02
   1.6485714e+01   1.3500000e+02
   1.6628571e+01   1.3500000e+02
   1.6485714e+01   1.3500000e+02
   1.6485714e+01   1.3500000e+02
   1.6485714e+01   1.3500000e+02
   1.6485714e+01   1.3500000e+02
   1.6342857e+01   2.1100000e+02
   1.6485714e+01   2.1100000e+02
   1.6485714e+01   2.1100000e+02
   1.6628571e+01   2.1100000e+02
   1.6628571e+01   2.1100000e+02
   1.6628571e+01   2.1100000e+02
   1.6771429e+01   1.3500000e+02
   1.6628571e+01   1.3500000e+02
   1.6628571e+01   1.3500000e+02
   1.6628571e+01   1.3500000e+02
   1.6628571e+01   2.1100000e+02
   1.6628571e+01   2.1100000e+02
   1.6628571e+01   1.3500000e+02
   1.6628571e+01   1.3500000e+02
   1.6628571e+01   2.1100000e+02
   1.6628571e+01   2.1100000e+02
   1.6771429e+01   1.3500000e+02
   1.6628571e+01   1.3500000e+02
   1.6628571e+01   1.3500000e+02
   1.6628571e+01   1.3500000e+02
   1.6628571e+01   1.3500000e+02
   1.6628571e+01   1.3500000e+02
   1.6485714e+01   2.1100000e+02
   1.6628571e+01   2.1100000e+02
   1.6628571e+01   2.1100000e+02
   1.6628571e+01   2.1100000e+02
   1.6771429e+01   1.3500000e+02
   1.6771429e+01   1.3500000e+02
   1.6628571e+01   2.1100000e+02
   1.6771429e+01   2.1100000e+02
   1.6771429e+01   2.1100000e+02
   1.6771429e+01   2.1100000e+02
   1.6914286e+01   2.1100000e+02
   1.6914286e+01   2.1100000e+02
   1.6914286e+01   2.1100000e+02
   1.6914286e+01   2.1100000e+02
   1.6485714e+01   1.3500000e+02
   1.6914286e+01   1.3500000e+02
   1.6914286e+01   1.3500000e+02
   1.6914286e+01   1.3500000e+02
   1.6771429e+01   1.3500000e+02
   1.6771429e+01   1.3500000e+02
   1.6771429e+01   1.3500000e+02
   1.6628571e+01   1.3500000e+02
   1.6771429e+01   2.1100000e+02
   1.6771429e+01   2.1100000e+02
   1.6771429e+01   1.3500000e+02
   1.6771429e+01   1.3500000e+02
   1.6771429e+01   1.3500000e+02
   1.6628571e+01   1.3500000e+02
   1.6628571e+01   1.3500000e+02
   1.6628571e+01   1.3500000e+02
   1.6485714e+01   2.1100000e+02
   1.6628571e+01   2.1100000e+02
   1.6628571e+01   1.3500000e+02
   1.6628571e+01   1.3500000e+02
   1.6628571e+01   1.3500000e+02
   1.6628571e+01   1.3500000e+02
   1.6485714e+01   1.3500000e+02
   1.6485714e+01   1.3500000e+02
   1.6485714e+01   1.3500000e+02
   1.6485714e+01   1.3500000e+02
   1.6485714e+01   2.1100000e+02
   1.6485714e+01   2.1100000e+02
   1.6628571e+01   1.3500000e+02
   1.6485714e+01   1.3500000e+02
   1.6485714e+01   2.1100000e+02
   1.6200000e+01   2.1100000e+02
   1.6628571e+01   2.1100000e+02
   1.6628571e+01   2.1100000e+02
   1.6771429e+01   2.1100000e+02
   1.6771429e+01   2.1100000e+02
   1.6771429e+01   2.1100000e+02
   1.6914286e+01   2.1100000e+02
   1.6914286e+01   2.1100000e+02
   1.6914286e+01   2.1100000e+02
   1.6914286e+01   1.3500000e+02
   1.6914286e+01   1.3500000e+02
   1.6914286e+01   2.1100000e+02
   1.6914286e+01   2.1100000e+02
   1.6914286e+01   2.1100000e+02
   1.7057143e+01   2.1100000e+02
   1.7057143e+01   2.1100000e+02
   1.7057143e+01   2.1100000e+02
   1.7057143e+01   2.1100000e+02
   1.7057143e+01   2.1100000e+02
   1.7057143e+01   2.1100000e+02
   1.7200000e+01   2.1100000e+02
   1.7200000e+01   2.1100000e+02
   1.7200000e+01   2.1100000e+02
   1.7200000e+01   1.3500000e+02
   1.7200000e+01   1.3500000e+02
   1.7200000e+01   2.1100000e+02
   1.7200000e+01   2.1100000e+02
   1.7200000e+01   1.3500000e+02
   1.7200000e+01   1.3500000e+02
   1.7057143e+01   1.3500000e+02
   1.7057143e+01   1.3500000e+02
   1.7057143e+01   2.1100000e+02
   1.7057143e+01   2.1100000e+02
   1.7057143e+01   1.3500000e+02
   1.7057143e+01   1.3500000e+02
   1.6914286e+01   1.3500000e+02
   1.6485714e+01   1.3500000e+02
   1.6914286e+01   1.3500000e+02
   1.6914286e+01   1.3500000e+02
   1.6771429e+01   1.3500000e+02
   1.6342857e+01   1.3500000e+02
   1.6771429e+01   1.3500000e+02
   1.6628571e+01   1.3500000e+02
   1.6628571e+01   2.1100000e+02
   1.6628571e+01   2.1100000e+02
   1.6771429e+01   2.1100000e+02
   1.6771429e+01   2.1100000e+02
   1.6914286e+01   1.3500000e+02
   1.6771429e+01   1.3500000e+02
   1.6771429e+01   1.3500000e+02
   1.6771429e+01   1.3500000e+02
   1.6771429e+01   2.1100000e+02
   1.6771429e+01   2.1100000e+02
   1.6771429e+01   1.3500000e+02
   1.6771429e+01   1.3500000e+02
   1.6771429e+01   1.3500000e+02
   1.6771429e+01   1.3500000e+02
   1.6628571e+01   1.3500000e+02
   1.6628571e+01   1.3500000e+02
   1.6628571e+01   2.1100000e+02
   1.6628571e+01   2.1100000e+02
   1.6771429e+01   2.1100000e+02
   1.6771429e+01   2.1100000e+02
   1.6771429e+01   2.1100000e+02
   1.6771429e+01   2.1100000e+02
   1.6914286e+01   1.3500000e+02
   1.6771429e+01   1.3500000e+02
   1.6771429e+01   2.1100000e+02
   1.6342857e+01   2.1100000e+02
   1.6914286e+01   1.3500000e+02
   1.6914286e+01   1.3500000e+02
   1.6771429e+01   1.3500000e+02
   1.6771429e+01   1.3500000e+02
   1.6771429e+01   1.3500000e+02
   1.6628571e+01   1.3500000e+02
   1.6628571e+01   2.1100000e+02
   1.6771429e+01   2.1100000e+02
   1.6771429e+01   1.3500000e+02
   1.6771429e+01   1.3500000e+02
   1.6628571e+01   2.1100000e+02
   1.6771429e+01   2.1100000e+02
   1.6771429e+01   2.1100000e+02
   1.6771429e+01   2.1100000e+02
   1.6914286e+01   1.3500000e+02
   1.6914286e+01   1.3500000e+02
   1.6771429e+01   1.3500000e+02
   1.6771429e+01   1.3500000e+02
   1.6771429e+01   2.1100000e+02
   1.6771429e+01   2.1100000e+02
   1.6771429e+01   2.1100000e+02
   1.6914286e+01   2.1100000e+02
   1.6914286e+01   1.3500000e+02
   1.6914286e+01   1.3500000e+02
   1.6771429e+01   2.1100000e+02
   1.6914286e+01   2.1100000e+02
   1.6914286e+01   1.3500000e+02
   1.6914286e+01   1.3500000e+02
   1.6771429e+01   2.1100000e+02
   1.6914286e+01   2.1100000e+02
   1.6914286e+01   1.3500000e+02
   1.6914286e+01   1.3500000e+02
   1.6771429e+01   2.1100000e+02
   1.6914286e+01   2.1100000e+02
   1.6914286e+01   1.3500000e+02
   1.6914286e+01   1.3500000e+02
   1.6771429e+01   2.1100000e+02
   1.6914286e+01   2.1100000e+02
   1.6914286e+01   2.1100000e+02
   1.6914286e+01   2.1100000e+02
   1.6485714e+01   1.3500000e+02
   1.6914286e+01   1.3500000e+02
   1.6914286e+01   2.1100000e+02
   1.6914286e+01   2.1100000e+02
   1.6914286e+01   2.1100000e+02
   1.7057143e+01   2.1100000e+02
   1.7057143e+01   1.3500000e+02
   1.7057143e+01   1.3500000e+02
   1.6914286e+01   2.1100000e+02
   1.6914286e+01   2.1100000e+02
   1.7057143e+01   2.1100000e+02
   1.7057143e+01   2.1100000e+02
   1.7057143e+01   2.1100000e+02
   1.7200000e+01   2.1100000e+02
   1.7200000e+01   1.3500000e+02
   1.7057143e+01   1.3500000e+02
   1.7057143e+01   2.1100000e+02
   1.7057143e+01   2.1100000e+02
   1.7200000e+01   1.3500000e+02
   1.7057143e+01   1.3500000e+02
   1.7057143e+01   2.1100000e+02
   1.7057143e+01   2.1100000e+02
   1.7057143e+01   2.1100000e+02
   1.7057143e+01   2.1100000e+02
   1.7200000e+01   2.1100000e+02
   1.7200000e+01   2.1100000e+02
   1.7200000e+01   2.1100000e+02
   1.7200000e+01   2.1100000e+02
   1.7200000e+01   1.3500000e+02
   1.7200000e+01   1.3500000e+02
   1.7057143e+01   2.1100000e+02
   1.7200000e+01   2.1100000e+02
   1.7200000e+01   2.1100000e+02
   1.7200000e+01   2.1100000e+02
   1.7200000e+01   1.3500000e+02
   1.6771429e+01   1.3500000e+02
   1.7200000e+01   1.3500000e+02
   1.7057143e+01   1.3500000e+02
   1.7057143e+01   2.1100000e+02
   1.7057143e+01   2.1100000e+02
   1.7057143e+01   1.3500000e+02
   1.7057143e+01   1.3500000e+02
   1.7057143e+01   2.1100000e+02
   1.7057143e+01   2.1100000e+02
   1.7057143e+01   2.1100000e+02
   1.7057143e+01   2.1100000e+02
   1.7200000e+01   2.1100000e+02
   1.7200000e+01   2.1100000e+02
   1.7200000e+01   1.3500000e+02
   1.7200000e+01   1.3500000e+02
   1.7057143e+01   1.3500000e+02
   1.7057143e+01   1.3500000e+02
   1.7057143e+01   1.3500000e+02
   1.6914286e+01   1.3500000e+02
   1.6914286e+01   1.3500000e+02
